{
 "cells": [
  {
   "cell_type": "code",
   "execution_count": 1,
   "id": "6e11ea29-2347-422a-98b0-9fa544b8fbcf",
   "metadata": {},
   "outputs": [],
   "source": [
    "# import numpy as np\n",
    "# K = 4\n",
    "# N = 3\n",
    "# T = 1000\n",
    "# residuals = np.random.normal(size=(K,T))\n",
    "# res = np.zeros((K,K,T))\n",
    "# u_hat = np.random.uniform(0, 1, size=(N,T))\n",
    "# # print(u_hat, u_hat.shape)\n",
    "# # Initialize the output array\n",
    "# corr = np.empty((N, K, K, T))\n",
    "\n",
    "# # Compute the K x K matrices of residuals multiplied together at each T\n",
    "# # Compute the K x K matrices of residuals multiplied together and scale by each N at each T\n",
    "# for t in range(T):\n",
    "#     # Compute the outer product for the residuals at time t\n",
    "#     res_matrix = np.outer(residuals[:, t], residuals[:, t])\n",
    "    \n",
    "#     # Scale the matrix by each state's probability in u_hat and store\n",
    "#     for n in range(N):\n",
    "#         corr[n, :, :, t] = res_matrix * u_hat[n, t]\n",
    "\n",
    "# print(corr.shape, res.shape)\n",
    "# corr, res"
   ]
  },
  {
   "cell_type": "code",
   "execution_count": 1,
   "id": "7cc5a699-0159-4e01-a143-6a64cc7d5c87",
   "metadata": {},
   "outputs": [
    {
     "name": "stdout",
     "output_type": "stream",
     "text": [
      "Elapsed time for creating arrays: 0.00351 seconds\n",
      "Elapsed time for creating correlation matrices: 0.01220 seconds\n"
     ]
    },
    {
     "data": {
      "text/plain": [
       "((5, 10, 10),\n",
       " array([[[ 9.89263797e-01, -1.57290733e-02,  5.58017358e-03,\n",
       "           4.85998429e-03, -1.34867131e-02,  1.00974479e-02,\n",
       "          -2.22856532e-03, -7.21846198e-03,  2.41997869e-03,\n",
       "           1.44897130e-03],\n",
       "         [-1.57290733e-02,  1.02303179e+00, -3.60903255e-03,\n",
       "          -1.70075078e-02,  1.55059947e-02,  2.24153080e-03,\n",
       "          -6.06049135e-03,  9.63378191e-03,  1.54459582e-02,\n",
       "          -6.77816413e-04],\n",
       "         [ 5.58017358e-03, -3.60903255e-03,  9.90540104e-01,\n",
       "           5.86838041e-04,  4.65615998e-03, -1.22666080e-02,\n",
       "           7.36037142e-03,  1.43923213e-02,  1.12189489e-02,\n",
       "          -1.24764668e-02],\n",
       "         [ 4.85998429e-03, -1.70075078e-02,  5.86838041e-04,\n",
       "           1.01379444e+00,  5.42213820e-03,  6.32529250e-03,\n",
       "          -1.08153927e-02,  7.94947215e-03, -1.61579214e-02,\n",
       "          -4.80069219e-03],\n",
       "         [-1.34867131e-02,  1.55059947e-02,  4.65615998e-03,\n",
       "           5.42213820e-03,  9.56246833e-01,  1.49015296e-03,\n",
       "          -3.40895114e-03, -5.60920294e-03,  5.98536300e-03,\n",
       "           5.52422166e-03],\n",
       "         [ 1.00974479e-02,  2.24153080e-03, -1.22666080e-02,\n",
       "           6.32529250e-03,  1.49015296e-03,  1.01696418e+00,\n",
       "           1.39611452e-02,  1.63158805e-02,  2.01233163e-03,\n",
       "          -4.83764244e-03],\n",
       "         [-2.22856532e-03, -6.06049135e-03,  7.36037142e-03,\n",
       "          -1.08153927e-02, -3.40895114e-03,  1.39611452e-02,\n",
       "           1.00219462e+00, -1.13074552e-03, -2.29545814e-03,\n",
       "          -1.24453199e-02],\n",
       "         [-7.21846198e-03,  9.63378191e-03,  1.43923213e-02,\n",
       "           7.94947215e-03, -5.60920294e-03,  1.63158805e-02,\n",
       "          -1.13074552e-03,  9.66819013e-01, -6.54861194e-03,\n",
       "           1.85762076e-02],\n",
       "         [ 2.41997869e-03,  1.54459582e-02,  1.12189489e-02,\n",
       "          -1.61579214e-02,  5.98536300e-03,  2.01233163e-03,\n",
       "          -2.29545814e-03, -6.54861194e-03,  9.92479069e-01,\n",
       "           8.86063242e-03],\n",
       "         [ 1.44897130e-03, -6.77816413e-04, -1.24764668e-02,\n",
       "          -4.80069219e-03,  5.52422166e-03, -4.83764244e-03,\n",
       "          -1.24453199e-02,  1.85762076e-02,  8.86063242e-03,\n",
       "           9.98494310e-01]],\n",
       " \n",
       "        [[ 9.91666505e-01, -3.18737680e-02,  5.57889702e-03,\n",
       "           1.58223385e-02, -2.56698794e-02,  1.68591021e-02,\n",
       "          -7.25116285e-03, -6.13706668e-03, -2.07606598e-02,\n",
       "           8.28844193e-03],\n",
       "         [-3.18737680e-02,  1.01658229e+00,  1.63947838e-03,\n",
       "          -2.76545164e-02,  7.96548171e-03,  9.89696854e-03,\n",
       "           8.89438731e-03,  1.04103498e-02,  2.53616974e-02,\n",
       "           9.01823933e-04],\n",
       "         [ 5.57889702e-03,  1.63947838e-03,  9.88825970e-01,\n",
       "           1.76375224e-02, -1.11488751e-03, -5.44921145e-03,\n",
       "           3.77661580e-05,  1.29429524e-02, -4.89031942e-03,\n",
       "          -1.87132171e-02],\n",
       "         [ 1.58223385e-02, -2.76545164e-02,  1.76375224e-02,\n",
       "           1.01228618e+00, -2.91671988e-03, -1.80413889e-04,\n",
       "          -8.94257171e-03,  5.58231157e-03, -6.76965954e-03,\n",
       "          -1.74835543e-02],\n",
       "         [-2.56698794e-02,  7.96548171e-03, -1.11488751e-03,\n",
       "          -2.91671988e-03,  9.86792419e-01, -1.05025711e-02,\n",
       "           1.05497126e-02, -5.54990177e-03,  1.46698931e-02,\n",
       "           1.66608144e-03],\n",
       "         [ 1.68591021e-02,  9.89696854e-03, -5.44921145e-03,\n",
       "          -1.80413889e-04, -1.05025711e-02,  1.00565040e+00,\n",
       "           1.34931162e-02,  3.12607706e-03,  8.69168310e-03,\n",
       "           1.00477786e-02],\n",
       "         [-7.25116285e-03,  8.89438731e-03,  3.77661580e-05,\n",
       "          -8.94257171e-03,  1.05497126e-02,  1.34931162e-02,\n",
       "           1.00407000e+00, -7.84552598e-04,  3.46302486e-03,\n",
       "           1.74966704e-03],\n",
       "         [-6.13706668e-03,  1.04103498e-02,  1.29429524e-02,\n",
       "           5.58231157e-03, -5.54990177e-03,  3.12607706e-03,\n",
       "          -7.84552598e-04,  9.82715797e-01, -1.53428323e-02,\n",
       "           1.79558792e-02],\n",
       "         [-2.07606598e-02,  2.53616974e-02, -4.89031942e-03,\n",
       "          -6.76965954e-03,  1.46698931e-02,  8.69168310e-03,\n",
       "           3.46302486e-03, -1.53428323e-02,  1.00492637e+00,\n",
       "           1.18391062e-02],\n",
       "         [ 8.28844193e-03,  9.01823933e-04, -1.87132171e-02,\n",
       "          -1.74835543e-02,  1.66608144e-03,  1.00477786e-02,\n",
       "           1.74966704e-03,  1.79558792e-02,  1.18391062e-02,\n",
       "           9.95692907e-01]],\n",
       " \n",
       "        [[ 1.00520531e+00, -2.66474456e-02,  4.86957489e-03,\n",
       "           2.81374381e-02, -2.41988277e-02,  6.77680238e-03,\n",
       "          -4.17615280e-03,  4.63266685e-03, -1.62206336e-02,\n",
       "          -1.60885838e-03],\n",
       "         [-2.66474456e-02,  1.02093122e+00,  3.33624344e-03,\n",
       "          -2.01159137e-02,  1.65270517e-03,  1.13858303e-02,\n",
       "           1.28993378e-02, -2.06183439e-03,  1.21602351e-02,\n",
       "          -1.17044776e-03],\n",
       "         [ 4.86957489e-03,  3.33624344e-03,  1.01259722e+00,\n",
       "           1.15170261e-02,  3.07491269e-04, -2.58096284e-03,\n",
       "          -1.06998828e-03,  1.34436724e-02,  7.84134660e-03,\n",
       "          -1.64165363e-02],\n",
       "         [ 2.81374381e-02, -2.01159137e-02,  1.15170261e-02,\n",
       "           1.00661815e+00,  2.30538801e-03,  1.36329323e-03,\n",
       "          -1.57544579e-03,  4.90545355e-03, -1.61403275e-02,\n",
       "          -6.17675096e-03],\n",
       "         [-2.41988277e-02,  1.65270517e-03,  3.07491269e-04,\n",
       "           2.30538801e-03,  9.58193940e-01,  4.87509592e-03,\n",
       "           6.64501608e-03,  6.65506600e-03,  1.34472536e-02,\n",
       "          -1.22884925e-03],\n",
       "         [ 6.77680238e-03,  1.13858303e-02, -2.58096284e-03,\n",
       "           1.36329323e-03,  4.87509592e-03,  1.00805877e+00,\n",
       "           1.21198357e-02,  5.17968599e-03,  4.07841714e-03,\n",
       "          -5.86585935e-03],\n",
       "         [-4.17615280e-03,  1.28993378e-02, -1.06998828e-03,\n",
       "          -1.57544579e-03,  6.64501608e-03,  1.21198357e-02,\n",
       "           1.01368282e+00, -1.39890497e-02, -5.23550187e-03,\n",
       "          -6.00511389e-03],\n",
       "         [ 4.63266685e-03, -2.06183439e-03,  1.34436724e-02,\n",
       "           4.90545355e-03,  6.65506600e-03,  5.17968599e-03,\n",
       "          -1.39890497e-02,  9.75263112e-01,  4.46936133e-03,\n",
       "           9.45405022e-03],\n",
       "         [-1.62206336e-02,  1.21602351e-02,  7.84134660e-03,\n",
       "          -1.61403275e-02,  1.34472536e-02,  4.07841714e-03,\n",
       "          -5.23550187e-03,  4.46936133e-03,  1.00054367e+00,\n",
       "           1.56594554e-02],\n",
       "         [-1.60885838e-03, -1.17044776e-03, -1.64165363e-02,\n",
       "          -6.17675096e-03, -1.22884925e-03, -5.86585935e-03,\n",
       "          -6.00511389e-03,  9.45405022e-03,  1.56594554e-02,\n",
       "           9.85740381e-01]],\n",
       " \n",
       "        [[ 1.00897797e+00, -1.14423272e-02, -1.46736375e-02,\n",
       "           8.76039682e-03, -4.89895154e-03,  7.38527650e-03,\n",
       "          -1.91161213e-03, -7.39942212e-03, -7.91953264e-03,\n",
       "           3.75282275e-03],\n",
       "         [-1.14423272e-02,  1.02796428e+00, -1.40136479e-02,\n",
       "          -1.81362339e-02,  5.66815351e-03,  8.49268687e-03,\n",
       "           1.94859194e-03,  6.84232111e-04,  2.17603541e-02,\n",
       "           6.39263486e-04],\n",
       "         [-1.46736375e-02, -1.40136479e-02,  9.93113259e-01,\n",
       "          -2.87853781e-03, -1.73985272e-03, -1.14510606e-02,\n",
       "           7.03032005e-03,  2.04817925e-02,  1.89000974e-02,\n",
       "          -3.78358769e-03],\n",
       "         [ 8.76039682e-03, -1.81362339e-02, -2.87853781e-03,\n",
       "           1.00249787e+00, -5.55863880e-03,  8.06774409e-03,\n",
       "          -1.13848982e-02, -9.26763739e-03, -1.47355639e-02,\n",
       "          -9.60751151e-03],\n",
       "         [-4.89895154e-03,  5.66815351e-03, -1.73985272e-03,\n",
       "          -5.55863880e-03,  9.87169138e-01,  1.09308050e-02,\n",
       "          -8.30869069e-03,  1.07874704e-02,  1.21914812e-02,\n",
       "           1.00885485e-02],\n",
       "         [ 7.38527650e-03,  8.49268687e-03, -1.14510606e-02,\n",
       "           8.06774409e-03,  1.09308050e-02,  1.01198176e+00,\n",
       "           1.28805440e-02,  1.12132133e-02,  1.24178127e-02,\n",
       "           2.88897311e-04],\n",
       "         [-1.91161213e-03,  1.94859194e-03,  7.03032005e-03,\n",
       "          -1.13848982e-02, -8.30869069e-03,  1.28805440e-02,\n",
       "           9.94441279e-01, -1.94641278e-02, -1.46362075e-02,\n",
       "          -1.75450411e-02],\n",
       "         [-7.39942212e-03,  6.84232111e-04,  2.04817925e-02,\n",
       "          -9.26763739e-03,  1.07874704e-02,  1.12132133e-02,\n",
       "          -1.94641278e-02,  9.85929520e-01, -6.57183819e-03,\n",
       "           1.44488562e-02],\n",
       "         [-7.91953264e-03,  2.17603541e-02,  1.89000974e-02,\n",
       "          -1.47355639e-02,  1.21914812e-02,  1.24178127e-02,\n",
       "          -1.46362075e-02, -6.57183819e-03,  9.90218990e-01,\n",
       "           1.72484997e-02],\n",
       "         [ 3.75282275e-03,  6.39263486e-04, -3.78358769e-03,\n",
       "          -9.60751151e-03,  1.00885485e-02,  2.88897311e-04,\n",
       "          -1.75450411e-02,  1.44488562e-02,  1.72484997e-02,\n",
       "           9.96422895e-01]],\n",
       " \n",
       "        [[ 1.00982594e+00, -2.47019579e-02,  7.71049327e-03,\n",
       "           1.23201354e-02, -2.26692790e-02,  8.47544679e-03,\n",
       "          -1.30922736e-03,  6.92633757e-03, -1.47002788e-02,\n",
       "           7.35345700e-03],\n",
       "         [-2.47019579e-02,  1.01860729e+00, -2.32767933e-03,\n",
       "          -5.62512336e-03,  1.70827004e-02,  3.50616054e-03,\n",
       "          -3.94655169e-03, -5.11036843e-04,  8.42126112e-03,\n",
       "           1.45542786e-02],\n",
       "         [ 7.71049327e-03, -2.32767933e-03,  9.88665030e-01,\n",
       "           8.33684299e-03, -3.99064730e-03, -2.75699988e-02,\n",
       "           4.12536430e-03,  9.46347964e-03,  1.70982552e-03,\n",
       "          -1.45613059e-02],\n",
       "         [ 1.23201354e-02, -5.62512336e-03,  8.33684299e-03,\n",
       "           1.01864386e+00,  2.79121027e-03,  6.36127412e-03,\n",
       "          -5.68079937e-04,  8.72359151e-03, -1.79745813e-02,\n",
       "          -3.51279210e-03],\n",
       "         [-2.26692790e-02,  1.70827004e-02, -3.99064730e-03,\n",
       "           2.79121027e-03,  9.65591325e-01, -2.13683499e-03,\n",
       "           1.09429433e-02,  7.74035834e-03,  6.74200089e-03,\n",
       "          -2.27330973e-03],\n",
       "         [ 8.47544679e-03,  3.50616054e-03, -2.75699988e-02,\n",
       "           6.36127412e-03, -2.13683499e-03,  1.00965014e+00,\n",
       "           1.43157832e-02,  5.77615404e-03, -7.55767826e-03,\n",
       "           1.53108659e-03],\n",
       "         [-1.30922736e-03, -3.94655169e-03,  4.12536430e-03,\n",
       "          -5.68079937e-04,  1.09429433e-02,  1.43157832e-02,\n",
       "           1.02259841e+00, -8.69403627e-03,  2.23149166e-04,\n",
       "           1.07831149e-04],\n",
       "         [ 6.92633757e-03, -5.11036843e-04,  9.46347964e-03,\n",
       "           8.72359151e-03,  7.74035834e-03,  5.77615404e-03,\n",
       "          -8.69403627e-03,  9.78412564e-01, -3.30770665e-03,\n",
       "           1.40669061e-02],\n",
       "         [-1.47002788e-02,  8.42126112e-03,  1.70982552e-03,\n",
       "          -1.79745813e-02,  6.74200089e-03, -7.55767826e-03,\n",
       "           2.23149166e-04, -3.30770665e-03,  1.01685107e+00,\n",
       "           1.68065704e-02],\n",
       "         [ 7.35345700e-03,  1.45542786e-02, -1.45613059e-02,\n",
       "          -3.51279210e-03, -2.27330973e-03,  1.53108659e-03,\n",
       "           1.07831149e-04,  1.40669061e-02,  1.68065704e-02,\n",
       "           9.99851925e-01]]]))"
      ]
     },
     "execution_count": 1,
     "metadata": {},
     "output_type": "execute_result"
    }
   ],
   "source": [
    "import numpy as np\n",
    "import time\n",
    "# Start timing\n",
    "start_time = time.time()\n",
    "\n",
    "\n",
    "\n",
    "\n",
    "# Dimensions\n",
    "T = 10000\n",
    "N = 5\n",
    "K = 10\n",
    "\n",
    "# Normally distributed residuals (K, T)\n",
    "residuals = np.random.normal(0, 1, (K, T))\n",
    "\n",
    "# u_hat with Markov chain state probabilities (N, T)\n",
    "random_probs = np.random.rand(N, T)\n",
    "u_hat = random_probs / random_probs.sum(axis=0, keepdims=True)\n",
    "# End timing\n",
    "end_time = time.time()\n",
    "# Calculate elapsed time\n",
    "elapsed_time = end_time - start_time\n",
    "\n",
    "# Print elapsed time with 5 digits after the decimal point\n",
    "print(f\"Elapsed time for creating arrays: {elapsed_time:.5f} seconds\")\n",
    "\n",
    "# Start timing\n",
    "start_time = time.time()\n",
    "\n",
    "corr_matrix = np.sum(np.einsum('it,jt,nt->nijt', residuals, residuals,u_hat), axis=-1)\n",
    "# Sum across T for u_hat to get the total probability weight for each state\n",
    "u_hat_summed = np.sum(u_hat, axis=-1)\n",
    "\n",
    "# Normalize each n KxK matrix in corr_matrix by the corresponding sum of u_hat\n",
    "# Ensure u_hat_summed is properly shaped for broadcasting\n",
    "u_hat_summed_reshaped = u_hat_summed[:, np.newaxis, np.newaxis]\n",
    "\n",
    "\n",
    "corr = corr_matrix / u_hat_summed_reshaped\n",
    "# End timing\n",
    "end_time = time.time()\n",
    "# Calculate elapsed time\n",
    "elapsed_time = end_time - start_time\n",
    "\n",
    "# Print elapsed time with 5 digits after the decimal point\n",
    "print(f\"Elapsed time for creating correlation matrices: {elapsed_time:.5f} seconds\")\n",
    "\n",
    "corr.shape, corr\n"
   ]
  },
  {
   "cell_type": "code",
   "execution_count": 6,
   "id": "89aab496-7a63-41bb-a106-1c34681565df",
   "metadata": {},
   "outputs": [
    {
     "name": "stdout",
     "output_type": "stream",
     "text": [
      "psd first matrix:   True\n"
     ]
    },
    {
     "ename": "NameError",
     "evalue": "name 'matrix_2' is not defined",
     "output_type": "error",
     "traceback": [
      "\u001b[0;31m---------------------------------------------------------------------------\u001b[0m",
      "\u001b[0;31mNameError\u001b[0m                                 Traceback (most recent call last)",
      "Cell \u001b[0;32mIn[6], line 26\u001b[0m\n\u001b[1;32m     24\u001b[0m \u001b[38;5;28mprint\u001b[39m(\u001b[38;5;124mf\u001b[39m\u001b[38;5;124m'\u001b[39m\u001b[38;5;124mpsd first matrix:   \u001b[39m\u001b[38;5;132;01m{\u001b[39;00mpsd_1\u001b[38;5;132;01m}\u001b[39;00m\u001b[38;5;124m'\u001b[39m)\n\u001b[1;32m     25\u001b[0m np_corr[n,:,:] \u001b[38;5;241m=\u001b[39m scale_cholesky(corr[n])\n\u001b[0;32m---> 26\u001b[0m \u001b[38;5;28mprint\u001b[39m(\u001b[38;5;124mf\u001b[39m\u001b[38;5;124m'\u001b[39m\u001b[38;5;124mThe second matrix:\u001b[39m\u001b[38;5;130;01m\\n\u001b[39;00m\u001b[38;5;132;01m{\u001b[39;00m\u001b[43mmatrix_2\u001b[49m\u001b[38;5;132;01m}\u001b[39;00m\u001b[38;5;124m'\u001b[39m)\n\u001b[1;32m     28\u001b[0m psd_2 \u001b[38;5;241m=\u001b[39m check_psd(matrix_2)\n\u001b[1;32m     29\u001b[0m \u001b[38;5;28mprint\u001b[39m(\u001b[38;5;124mf\u001b[39m\u001b[38;5;124m'\u001b[39m\u001b[38;5;124mpsd second matrix:   \u001b[39m\u001b[38;5;132;01m{\u001b[39;00mpsd_2\u001b[38;5;132;01m}\u001b[39;00m\u001b[38;5;124m'\u001b[39m)\n",
      "\u001b[0;31mNameError\u001b[0m: name 'matrix_2' is not defined"
     ]
    }
   ],
   "source": [
    "\n",
    "def check_psd(matrix):\n",
    "    # Check if the matrix is positive semi-definite\n",
    "    eigenvalues = np.linalg.eigvalsh(matrix)  # Use eigvalsh since the matrix is symmetric\n",
    "    is_psd = np.all(eigenvalues >= 0)\n",
    "\n",
    "    return is_psd\n",
    "    \n",
    "def scale_cholesky(matrix):\n",
    "    P = np.linalg.cholesky(matrix)\n",
    "    K = P.shape[0]  # Dimensionality of the matrix\n",
    "    \n",
    "    for j in range(K):\n",
    "        sum_squares = np.sum(P[j, :j] ** 2)\n",
    "        P[j, j] = np.sqrt(1 - sum_squares) if 1 - sum_squares > 0 else 0\n",
    "\n",
    "    G_scaled = np.dot(P, P.T)\n",
    "    return G_scaled\n",
    "\n",
    "    # Perform the Scaling\n",
    "    # Perform the Scaling\n",
    "np_corr = np.zeros((N,K,K))\n",
    "for n in range(N):\n",
    "    psd_1 = check_psd(corr[n])\n",
    "    print(f'psd first matrix:   {psd_1}')\n",
    "    np_corr[n,:,:] = scale_cholesky(corr[n])\n",
    "    print(f'The second matrix:\\n{matrix_2}')\n",
    "    \n",
    "    psd_2 = check_psd(matrix_2)\n",
    "    print(f'psd second matrix:   {psd_2}')\n",
    "\n",
    "\n"
   ]
  },
  {
   "cell_type": "code",
   "execution_count": null,
   "id": "06aada27-dd49-4f3a-b1d1-f83e8e146f57",
   "metadata": {},
   "outputs": [],
   "source": []
  },
  {
   "cell_type": "code",
   "execution_count": 25,
   "id": "aa4f69c2-3a21-4b47-8b62-03cdba3ad33f",
   "metadata": {},
   "outputs": [
    {
     "name": "stdout",
     "output_type": "stream",
     "text": [
      "Elapsed time for creating correlation matrices: 0.00033 seconds\n",
      "psd first matrix:   True\n",
      "The 0'th matrix:\n",
      "[[1.         0.68774634 0.58148194]\n",
      " [0.68774634 1.         0.73988659]\n",
      " [0.58148194 0.73988659 1.        ]]\n",
      "psd first matrix:   True\n",
      "The 1'th matrix:\n",
      "[[ 1.          0.1492222  -0.41504618]\n",
      " [ 0.1492222   1.          0.27767282]\n",
      " [-0.41504618  0.27767282  1.        ]]\n"
     ]
    }
   ],
   "source": [
    "import numpy as np\n",
    "\n",
    "# Parameters\n",
    "T = 1000  # Time steps\n",
    "N = 2  # Number of assets\n",
    "K = 3  # Number of factors\n",
    "\n",
    "# Markov chain parameters\n",
    "states = [0, 1]  # Two states\n",
    "transition_probs = np.array([[0.95, 0.05],  # Probabilities of staying in state 0 or moving to 1\n",
    "                             [0.05, 0.95]])  # Probabilities of moving to state 0 or staying in 1\n",
    "\n",
    "# Initialize u_hat with zeros\n",
    "u_hat = np.zeros((N, T))\n",
    "\n",
    "# Initial state\n",
    "current_state = np.random.choice(states, p=[0.5, 0.5])\n",
    "\n",
    "# Simulate Markov process for u_hat\n",
    "for t in range(T):\n",
    "    # Based on current state, decide the next state\n",
    "    current_state = np.random.choice(states, p=transition_probs[current_state])\n",
    "    # Assign the state probability to u_hat (for simplicity, we just fill u_hat with state info)\n",
    "    if current_state == 0:\n",
    "        u_hat[:, t] = [1, 0]  # State 0 active\n",
    "    else:\n",
    "        u_hat[:, t] = [0, 1]  # State 1 active\n",
    "\n",
    "\n",
    "# Create correlation matrices for each state\n",
    "# State 0: Lower correlations\n",
    "corr_matrix_state_0 = np.array([[1, 0.1, -0.4],\n",
    "                                [0.1, 1, 0.3],\n",
    "                                [-0.4, 0.3, 1]])\n",
    "\n",
    "# State 1: Higher correlations\n",
    "corr_matrix_state_1 = np.array([[1, 0.7, 0.6],\n",
    "                                [0.7, 1, 0.8],\n",
    "                                [0.6, 0.8, 1]])\n",
    "\n",
    "# Generate residuals based on state\n",
    "residuals = np.zeros((K, T))\n",
    "for t in range(T):\n",
    "    state = int(u_hat[0, t])  # Get the state (either 0 or 1)\n",
    "    # Choose the correlation matrix based on the state\n",
    "    corr_matrix = corr_matrix_state_0 if state == 0 else corr_matrix_state_1\n",
    "    # Apply Cholesky decomposition to generate residuals for the current time step\n",
    "    L = np.linalg.cholesky(corr_matrix)\n",
    "    # Generate standard normal random variables\n",
    "    z = np.random.normal(0, 1, K)\n",
    "    # Compute the residuals for this time step\n",
    "    residuals[:, t] = np.dot(L, z)\n",
    "\n",
    "residuals.shape, residuals[:, :5]  # Show the shape and first 5 columns of residuals\n",
    "\n",
    "# Start timing\n",
    "start_time = time.time()\n",
    "\n",
    "corr_matrix = np.sum(np.einsum('it,jt,nt->nijt', residuals, residuals,u_hat), axis=-1)\n",
    "# Sum across T for u_hat to get the total probability weight for each state\n",
    "u_hat_summed = np.sum(u_hat, axis=-1)\n",
    "\n",
    "# Normalize each n KxK matrix in corr_matrix by the corresponding sum of u_hat\n",
    "# Ensure u_hat_summed is properly shaped for broadcasting\n",
    "u_hat_summed_reshaped = u_hat_summed[:, np.newaxis, np.newaxis]\n",
    "\n",
    "\n",
    "corr = corr_matrix / u_hat_summed_reshaped\n",
    "# End timing\n",
    "end_time = time.time()\n",
    "# Calculate elapsed time\n",
    "elapsed_time = end_time - start_time\n",
    "\n",
    "# Print elapsed time with 5 digits after the decimal point\n",
    "print(f\"Elapsed time for creating correlation matrices: {elapsed_time:.5f} seconds\")\n",
    "\n",
    "corr.shape, corr\n",
    "np_corr = np.zeros((N,K,K))\n",
    "for n in range(N):\n",
    "    psd_1 = check_psd(corr[n])\n",
    "    print(f'psd first matrix:   {psd_1}')\n",
    "    np_corr[n,:,:] = scale_cholesky(corr[n,:,:])\n",
    "    print(f'The {n}\\'th matrix:\\n{np_corr[n,:,:]}')\n",
    "\n"
   ]
  },
  {
   "cell_type": "code",
   "execution_count": 26,
   "id": "22d3a433-9e32-44d4-bf80-59d215dd4714",
   "metadata": {},
   "outputs": [
    {
     "name": "stdout",
     "output_type": "stream",
     "text": [
      "[[ 1.   0.1 -0.4]\n",
      " [ 0.1  1.   0.3]\n",
      " [-0.4  0.3  1. ]]\n",
      "[[1.  0.7 0.6]\n",
      " [0.7 1.  0.8]\n",
      " [0.6 0.8 1. ]]\n"
     ]
    }
   ],
   "source": [
    "print(corr_matrix_state_0)\n",
    "print(corr_matrix_state_1)"
   ]
  },
  {
   "cell_type": "code",
   "execution_count": null,
   "id": "76666211-167c-4e2b-b844-5c31c6081ad3",
   "metadata": {},
   "outputs": [],
   "source": []
  },
  {
   "cell_type": "code",
   "execution_count": null,
   "id": "40ef62a7-32e0-4660-8022-135e8ce1679d",
   "metadata": {},
   "outputs": [],
   "source": []
  },
  {
   "cell_type": "code",
   "execution_count": null,
   "id": "c1422851-c833-412d-9a3e-f120ab72103c",
   "metadata": {},
   "outputs": [],
   "source": []
  }
 ],
 "metadata": {
  "kernelspec": {
   "display_name": "Python 3 (ipykernel)",
   "language": "python",
   "name": "python3"
  },
  "language_info": {
   "codemirror_mode": {
    "name": "ipython",
    "version": 3
   },
   "file_extension": ".py",
   "mimetype": "text/x-python",
   "name": "python",
   "nbconvert_exporter": "python",
   "pygments_lexer": "ipython3",
   "version": "3.11.6"
  }
 },
 "nbformat": 4,
 "nbformat_minor": 5
}
